1 c3sngA_.1.pdb 1 100 1 267
2 c3w52A_.2.pdb 1 54 1 266
3 d1ak0a_.3.pdb 1 29 1 265
4 c5fbfA_.4.pdb 1 29 1 268
5 d1ah7a_.5.pdb 1 15 1 267
6 d1khoa1.6.pdb 0.985 17 2 270
7 d1olpa1.7.pdb 0.984 19 2 274
8 c1olpB_.8.pdb 0.974 18 2 255
9 c1gygA_.9.pdb 0.973 21 2 134
10 d1ca1a1.10.pdb 0.97 18 2 265
11 c4xpmA_.11.pdb 0.404 30 258 277
12 c2gq1A_.12.pdb 0.169 8 90 131
13 c2rhsB_.13.pdb 0.153 21 119 155
14 c3d0wD_.14.pdb 0.142 12 239 272
15 c1fpvA_.15.pdb 0.104 17 56 73
16 c5fugI_.16.pdb 0.096 45 253 263
17 d2qzga1.17.pdb 0.096 18 81 133
18 c2eouA_.18.pdb 0.096 36 128 141
19 c2g8gA_.19.pdb 0.095 22 56 73
20 c4p71B_.20.pdb 0.09 24 119 155
